120.0
73.68
59.67
54.29
52.21
51.73
51.89
52.24
52.6
52.93
53.31
53.78
54.36
55.0
55.61
56.16
56.68
57.2
57.77
58.39
59.03
59.63
60.2
60.76
61.36
62.01
62.66
63.29
63.89
64.5
65.15
65.82
66.49
67.15
67.79
68.45
69.15
69.85
70.55
71.23
71.92
72.65
73.39
74.11
74.83
75.57
76.33
77.11
77.87
78.63
79.42
80.23
81.04
81.84
82.65
83.49
84.35
85.19
86.04
86.92
87.82
88.71
89.61
90.54
91.48
92.43
93.38
94.36
95.36
96.35
97.37
98.41
99.47
100.53
101.62
102.73
103.86
105.0
106.18
107.37
108.58
109.82
111.1
112.39
113.71
115.08
116.47
117.89
119.36
120.0
120.0
