4.999499999999991798e-03
7.245679042378459778e-03
1.066380931573343398e-02
1.334957923295165827e-02
1.641531488172544989e-02
1.902871831517708931e-02
2.192692668691939920e-02
2.448006185346170149e-02
2.729464059283953636e-02
2.979602542343710858e-02
3.255650998353053910e-02
3.505862982850582038e-02
3.779956657921165752e-02
4.028734878496409433e-02
4.300449593766086931e-02
4.548623809344082281e-02
4.819658333281744839e-02
5.069152412981156597e-02
5.340462664941303395e-02
5.591019141504720985e-02
5.861896629537565601e-02
6.113046669943664885e-02
6.383984074431313382e-02
6.636553947274211052e-02
6.908858937056798488e-02
7.162788526154584279e-02
7.436012915371166543e-02
7.691156439833422842e-02
7.965208355547762076e-02
8.222860898570510946e-02
8.498803885495592736e-02
8.758496418850898746e-02
9.035852235959998535e-02
9.297749690888945651e-02
9.577640502784123822e-02
9.842096428603604175e-02
1.012420039597089344e-01
1.039171704231810767e-01
1.067636256170381714e-01
1.094648458580220335e-01
1.123442870629271645e-01
1.150825438073433821e-01
1.179910178816413330e-01
1.207632376701125027e-01
1.237093403219844956e-01
1.265180421918784825e-01
1.295048959420338208e-01
1.323547510528993720e-01
1.353744090083170148e-01
1.382719105143673244e-01
1.413370547870238803e-01
1.442772652401460298e-01
1.473901349837667962e-01
1.503769961455579673e-01
1.535368899553613553e-01
1.565776080209160537e-01
1.597895779847444686e-01
1.628784942159552107e-01
1.661459471306866165e-01
1.692984106317784732e-01
1.726162102780069152e-01
1.758261788962992844e-01
1.792031598012391869e-01
1.824777325922808946e-01
1.859181411795930994e-01
1.892535994253279896e-01
1.927585907203557825e-01
1.961628829817574360e-01
1.997335137543859718e-01
2.032069903287111734e-01
2.068483059797678880e-01
2.103958771310859843e-01
2.141067602721846430e-01
2.177298466567346713e-01
2.215194695708401496e-01
2.252170833108274040e-01
2.290867352811348789e-01
2.328631059223375266e-01
2.368169978519706620e-01
2.406733035678171317e-01
2.447114570111545151e-01
2.487042909863280971e-01
2.530978056155320788e-01
